10
78
20
26
38
44
44
60
5
74
19
4
47
72
7
13
97
37
46
57
3
18
12
84
90
12
87
61
63
65
33
14
28
18
87
35
63
21
93
45
9
86
77
77
81
75
45
90
17
68
85
83
80
74
16
94
96
43
54
71
34
39
90
29
48
86
12
94
70
62
82
14
16
55
50
86
71
55
32
68
54
90
18
62
19
30
83
23
34
36
20
5
61
12
96
61
65
49
11
75
64
76
82
61
3
85
80
26
81
50
84
64
85
4
37
79
65
15
22
98
4
74
55
19
25
27
47
10
36
72
21
6
60
78
72
51
97
44
26
19
80
75
44
96
73
69
82
1
69
100
75
21
65
5
74
60
49
4
40
15
68
46
20
62
47
28
26
52
55
93
60
35
48
91
26
20
12
10
78
86
88
69
83
94
33
5
74
93
98
44
33
85
66
91
73
45
84
66
83
68
89
23
39
99
100
1
41
98
11
41
95
8
90
51
19
90
18
79
1
34
12
90
24
28
53
91
29
73
76
77
83
6
66
51
65
87
29
89
97
89
76
12
23
28
78
85
53
17
14
58
84
55
34
62
35
28
14
87
46
83
66
24
98
43
14
23
27
99
34
15
38
28
3
95
96
62
33
55
59
55
77
3
35
80
84
97
60
33
88
50
6
35
3
12
64
64
82
13
61
50
56
20
5
48
75
24
68
78
10
26
72
19
88
32
83
20
23
70
21
98
73
48
67
72
47
27
18
46
78
25
52
14
39
87
36
57
37
65
5
63
70
37
27
94
46
99
2
4
83
5
8
13
22
73
39
28
93
100
94
80
1
85
98
9
74
77
72
94
21
10
93
27
48
8
26
37
48
48
49
84
76
3
44
4
81
50
45
17
50
4
25
21
72
23
85
84
85
96
81
73
18
41
31
96
21
36
68
70
78
49
1
28
12
10
49
100
22
27
61
44
61
93
48
96
39
91
75
99
14
66
4
40
76
44
99
83
5
64
21
21
75
4
13
28
50
85
75
68
68
50
74
1
83
98
57
34
37
35
86
69
30
15
7
12
100
58
61
56
23
76
81
56
40
77
88
23
20
93
42
46
72
93
90
32
7
95
86
67
26
33
77
68
56
81
60
13
54
24
97
2
40
72
12
73
28
54
84
47
90
52
66
36
74
91
64
64
70
5
61
99
59
57
95
14
77
22
61
31
89
5
3
27
95
29
10
14
52
25
68
46
41
17
63
15
5
73
96
83
80
59
16
34
44
37
2
52
96
66
12
94
50
29
87
25
65
34
3
81
83
33
60
57
57
61
85
63
89
29
75
23
52
33
73
79
48
3
73
42
83
55
44
65
4
16
77
9
73
88
19
86
50
87
60
68
29
94
76
60
71
14
99
9
10
51
30
83
92
74
100
35
18
43
84
45
76
19
81
43
76
65
83
43
37
58
52
86
58
46
53
58
23
5
17
48
87
46
78
58
91
3
91
65
86
29
34
2
50
13
91
15
78
55
21
3
19
74
100
9
84
21
26
12
72
48
29
6
51
62
73
24
50
32
70
86
83
22
85
44
97
6
12
96
86
62
90
81
97
63
88
83
54
65
72
79
35
78
84
61
82
53
7
33
96
4
9
39
8
45
33
47
81
67
34
79
80
92
47
38
94
78
44
9
88
76
4
55
24
27
76
19
98
89
36
44
51
52
96
20
38
30
70
22
23
55
27
8
85
39
46
30
59
34
48
43
19
90
96
36
34
88
19
98
62
49
80
19
20
38
36
77
88
53
88
18
3
62
77
15
65
3
9
52
95
76
28
56
47
57
58
90
25
16
39
6
4
22
27
52
41
21
79
41
15
39
79
24
52
9
22
20
23
62
23
6
99
6
29
46
15
39
61
52
10
59
14
41
32
10
29
44
2
85
26
2
15
55
31
57
35
39
12
59
4
10
71
58
91
26
41
23
76
44
80
32
61
30
70
50
64
95
6
35
86
79
66
66
27
46
37
44
64
28
13
55
28
15
7
13
46
64
74
56
85
86
85
36
73
68
81
32
53
33
7
60
66
10
25
58
27
66
79
48
82
81
76
21
18
23
46
47
32
74
50
65
75
63
15
81
99
37
6
76
30
94
82
64
1
14
57
94
37
21
82
64
53
61
65
21
74
60
72
4
42
42
79
53
53
50
6
46
14
69
81
54
96
60
81
96
16
92
89
37
14
23
63
61
98
28
60
71
73
29
97
32
24
12
79
18
32
32
26
21
87
85
30
62
66
23
14
34
19
