-21.85
42.75
90.82
5.73
56.99
-60.72
-24.90
-27.19
-64.38
-42.35
54.44
78.49
14.4
-19.11
-37.85
74.41
-59.19
-67.12
-15.17
92.66
81.22
-85.39
18.82
32.72
47.49
52.74
67.92
31.89
-73.65
-13.58
-25.40
-10.78
-47.65
66.79
58.72
27.88
61.63
-9.8
11.87
-66.71
-60.85
-46.40
59.61
-36.30
-46.52
45.94
43.19
66.84
97.32
-79.14
97.33
13.17
73.46
-30.53
-100.98
-15.63
38.41
-51.5
100.88
42.78
7.93
68.46
-99.13
62.56
-70.75
-4.23
63.15
-33.26
66.75
89.87
18.41
4.53
27.97
-57.44
29.96
-62.29
63.33
-1.44
62.78
54.38
72.59
-2.82
74.91
-83.34
63.99
-25.26
52.35
-66.97
65.6
59.70
61.9
46.33
-23.91
-24.54
-1.31
46.98
25.62
71.5
32.64
20.19
-64.9
-96.53
69.60
29.3
-18.34
35.31
-27.44
74.57
63.99
-13.81
-36.15
-48.20
-57.7
-43.10
-5.66
-50.7
50.77
-47.58
100.25
69.34
68.96
37.11
-92.11
67.56
-83.33
10.29
-26.7
8.43
55.91
29.15
1.53
98.79
19.52
19.63
-54.1
-51.8
92.77
38.66
-7.52
-40.39
-6.82
66.9
8.69
-25.93
64.64
80.42
48.50
-24.39
-61.61
26.97
-32.52
85.23
90.47
49.83
-93.67
38.98
14.45
-27.67
19.67
-76.48
-67.45
-91.52
-96.68
6.39
-27.76
-91.92
-92.39
8.36
-42.17
71.28
-93.87
78.17
-29.35
-23.17
-74.25
48.73
-97.38
-50.72
-88.87
-55.19
-64.46
23.79
72.49
-29.55
70.80
-46.27
9.0
-9.27
-68.39
-46.12
29.93
60.19
83.87
50.36
-24.76
52.42
-59.2
-58.32
-64.30
-54.7
67.66
-57.81
14.26
0.17
33.57
-18.8
-24.53
-14.60
31.85
64.10
-25.70
-85.54
-55.80
64.21
-58.63
26.42
49.61
-81.30
82.46
57.28
63.1
-40.61
2.13
-19.82
8.0
81.67
-54.30
40.21
-17.33
-1.23
99.19
16.26
3.53
-30.9
-65.3
16.50
98.64
19.2
98.7
-94.34
-88.46
4.83
-85.10
41.96
-40.24
-26.86
-9.30
42.80
-35.45
6.31
75.97
60.99
76.45
92.60
35.69
-42.44
-70.49
-52.34
60.96
73.54
52.93
45.26
-38.93
-48.12
61.53
-46.41
-32.29
-100.73
-5.24
-61.72
-59.58
32.64
-95.44
57.68
-75.99
-18.53
92.24
80.94
-61.31
-90.14
62.1
-29.89
52.58
-54.26
-55.94
-57.72
-77.27
-46.62
-41.16
83.36
41.60
-44.39
-9.50
-33.48
5.96
-2.33
29.94
17.59
-74.4
-67.32
60.22
-100.36
52.59
75.29
81.20
7.91
85.14
93.45
-61.78
5.78
17.32
22.3
80.15
79.9
-29.83
-67.13
-42.24
23.74
-39.30
48.42
-79.64
26.25
-77.57
6.55
-31.29
-69.13
-2.16
-96.10
1.88
-35.61
-78.72
-97.81
-85.25
-57.0
71.12
61.97
1.96
-51.98
-24.82
30.77
3.66
81.53
-59.83
81.27
53.53
97.13
93.46
-47.38
84.28
-81.63
-47.6
2.10
-84.77
8.6
48.72
15.34
24.33
16.97
10.98
-93.45
-35.95
-86.95
-41.2
90.35
86.81
21.51
-48.7
99.49
-67.46
64.48
89.11
-60.40
92.82
-80.19
-67.83
68.46
-72.5
82.76
-25.35
40.75
9.13
-57.52
-13.35
85.37
-23.19
-28.62
39.39
98.89
-81.82
-10.25
13.28
-45.60
11.60
78.91
-47.37
67.83
5.26
-15.94
-61.11
15.84
45.93
38.18
-1.61
93.2
-100.8
51.60
-87.49
84.41
-61.7
-2.18
78.24
-74.71
-98.39
83.36
64.46
65.84
2.39
-43.61
41.76
60.83
100.48
-63.72
75.52
88.91
-73.42
-39.99
-96.9
-86.3
-7.77
-17.48
-20.80
-78.18
-9.77
61.34
-2.44
39.55
41.71
-95.77
-96.11
-77.2
37.41
-97.47
-42.67
40.94
46.14
51.28
77.50
6.22
18.68
97.23
83.86
0.96
-74.88
26.62
-24.26
52.88
7.21
-18.14
-72.67
26.85
88.33
66.85
-84.51
47.83
-50.55
23.42
67.85
32.36
14.19
-3.84
31.55
73.12
51.45
-34.20
77.3
-85.97
19.30
35.90
26.75
86.42
-65.22
23.16
95.54
-68.24
41.36
-70.3
-18.56
89.25
41.90
51.20
28.37
68.8
10.46
-24.57
-97.43
97.60
-16.34
-93.1
90.95
23.32
18.48
-42.83
-92.12
-70.96
-75.6
43.8
-13.88
-27.46
97.32
-60.68
9.2
-31.19
-30.65
86.93
-79.78
-45.16
4.82
30.88
62.36
-60.85
-85.27
-20.46
-83.5
32.29
-13.16
-24.4
-24.60
99.83
50.70
-3.88
44.98
82.51
-45.39
-85.90
61.67
-12.0
-99.93
-97.67
-43.63
-41.59
55.75
-37.57
12.89
17.42
37.46
-92.89
88.80
82.35
71.66
-2.92
91.5
50.72
26.58
82.75
8.66
-6.26
-51.60
3.47
91.22
-30.66
18.3
88.97
25.7
-48.14
32.19
84.71
-89.82
40.50
-81.56
-1.5
-57.47
96.4
-20.3
13.69
-52.18
-94.53
-48.96
39.88
27.59
11.25
-17.38
3.39
44.55
-35.6
60.63
-33.3
3.1
-68.89
-76.13
-83.89
89.34
-78.77
57.57
63.38
13.13
96.23
-54.36
-3.44
-21.43
-22.60
14.33
-97.11
-3.48
-91.31
40.41
77.69
-2.17
7.75
31.31
-93.27
75.35
-43.86
6.40
-71.37
-14.27
-74.24
8.68
-53.78
-90.72
-67.97
39.55
58.50
-83.47
79.62
33.73
-91.38
85.60
67.72
-90.87
77.8
92.81
-4.58
-65.43
69.24
89.54
40.42
-83.32
59.68
68.96
-21.48
86.16
51.25
71.9
18.30
83.91
-59.79
92.11
78.45
-38.51
40.1
47.97
-21.7
-76.58
81.35
26.33
61.23
-97.38
-85.42
37.40
-80.28
17.82
43.79
-42.81
-10.86
-83.23
59.32
71.38
15.88
-14.0
-38.62
-49.53
-4.64
40.65
-87.82
-56.32
4.54
72.64
-79.72
31.18
63.5
-93.39
-49.83
11.4
-60.97
-99.3
-62.98
-38.12
-19.39
-66.28
67.8
-58.97
11.16
72.19
-75.58
13.74
-50.42
-99.55
-59.12
100.87
67.69
-73.21
81.95
-57.31
-74.64
96.76
23.18
-70.72
17.5
-79.45
41.8
-20.1
20.25
-64.76
94.56
-80.7
10.57
3.57
72.9
-37.21
61.10
99.0
47.14
-10.92
-1.39
-17.45
50.27
-32.75
-29.1
-74.13
75.82
42.9
-80.70
-79.87
16.32
43.58
-63.3
-17.0
24.69
-39.81
67.48
90.40
-29.96
1.37
4.40
39.91
-18.68
-17.4
60.66
-45.4
39.23
-16.47
23.53
58.25
53.55
64.32
41.53
-52.57
39.88
55.87
44.28
-66.80
-75.52
48.92
11.25
38.75
74.84
-52.82
100.57
-97.34
50.52
71.28
56.93
-75.36
98.58
72.51
-56.38
-87.26
30.83
-95.42
77.81
-15.12
82.45
70.26
75.99
-26.95
-38.40
-55.13
-17.30
70.66
12.57
-16.55
70.97
-37.25
49.9
-15.8
75.52
63.8
45.47
50.64
-26.82
-19.24
-56.70
-1.96
-5.6
83.73
83.40
65.50
95.87
-66.11
-57.18
98.17
-64.80
23.98
-43.62
-39.46
-57.64
-87.82
-34.63
-80.12
-6.90
-52.67
5.32
-19.49
31.6
-46.2
-91.62
10.14
-68.19
72.30
34.33
47.47
41.19
28.72
31.75
-31.21
-15.34
-87.36
-93.97
-49.90
-7.7
10.89
-56.68
65.45
27.85
92.29
-89.9
-85.76
45.12
49.11
-46.34
-25.52
-79.42
93.11
-69.99
-27.48
26.98
-49.13
69.97
-27.49
-81.76
40.66
38.39
-62.63
57.91
-42.57
-43.36
-78.87
38.5
74.32
44.6
0.16
90.3
-87.21
-67.82
20.91
20.11
-73.89
93.77
70.70
94.60
32.20
-95.48
-11.45
-79.37
-96.23
24.89
-30.88
53.2
92.77
-7.56
48.34
67.25
48.91
-44.44
18.89
98.74
-5.80
63.71
98.31
56.68
-92.81
72.57
-17.83
-82.26
-51.18
-72.58
73.66
-98.79
-48.11
-48.99
73.66
-82.74
40.68
-85.13
-51.51
48.83
82.85
4.86
-95.17
-2.28
13.62
40.95
84.7
-97.49
65.97
-3.8
86.19
-72.56
42.88
-24.82
15.68
37.86
81.55
59.92
-27.99
-73.80
97.40
41.10
29.70
-45.35
92.45
38.1
73.52
25.68
-67.60
-36.58
-65.78
68.0
30.60
91.91
-7.68
56.6
62.57
73.52
42.26
67.84
-18.60
44.47
31.99
16.46
-80.44
35.89
-83.2
-100.39
-66.75
-20.70
-59.56
58.50
53.99
83.37
2.47
-44.70
-27.93
5.50
-84.94
38.10
76.85
-54.26
-60.55
29.29
54.92
21.87
-39.24
-77.79
73.29
50.85
-24.30
81.47
-31.72
-86.54
58.61
-63.67
-54.35
85.26
-58.49
46.55
-75.80
-86.32
-39.27
-44.74
4.55
-31.51
0.98
-8.92
-67.38
-8.2
-51.82
77.46
-62.20
46.45
38.25
83.89
-43.13
8.38
23.17
-11.75
-10.30
43.65
56.39
-27.36
-97.42
92.75
60.11
-50.27
-70.86
52.11
-85.46
-19.51
12.22
36.36
-5.70
-32.38
42.53
-92.53
-76.2
35.97
-7.81
61.93
16.87
-40.78
79.52
-52.23
20.12
94.52
36.36
-22.64
-98.63
-51.7
50.64
7.16
-66.62
88.41
-32.61
-16.8
32.15
29.83
-8.51
-19.15
-25.44
-96.22
38.73
23.92
-70.95
-74.46
-44.20
12.90
-6.23
-30.26
81.4
-42.12
68.94
4.85
-33.89
40.89
-33.61
11.43
95.24
-34.29
24.63
-1.70
-7.84
2.78
-30.18
41.26
35.5
91.97
69.16
42.41
-52.25
10.54
-47.43
-70.16
-40.89
39.55
-77.58
-13.48
40.0
91.58
-89.42
-19.38
21.9
-75.62
-55.5
23.67
-38.88
7.54
61.99
96.96
43.21
82.18
-91.32
28.72
62.57
-1.40
23.15
-22.41
84.35
13.4
-26.78
-49.27
-92.24
-32.33
-13.63
63.61
30.75
-37.70
54.65
-13.18
84.22
68.5
90.21
-56.41
-54.47
-79.63
-1.78
-54.41
-60.88
48.42
-10.2
-98.69
75.92
-35.98
-20.2
37.45
-1.71
54.41
52.73
-85.24
-6.90
47.43
37.45
38.80
91.80
4.34
-93.5
9.37
3.18
-25.59
91.10
72.71
-31.60
-57.31
35.78
42.31
83.51
-10.88
75.80
-22.38
59.13
35.33
-63.94
87.33
-100.83
-72.17
-48.89
-93.98
38.26
-74.37
-80.1
-8.90
-58.30
-8.9
62.46
58.25
13.42
-59.63
53.52
-30.77
-71.23
-52.0
-96.0
79.47
97.12
30.17
-43.40
-41.81
-38.71
87.23
-84.99
49.74
-12.35
-41.52
-13.55
2.45
-85.56
-2.76
51.62
42.94
-76.11
88.68
-23.85
40.39
5.31
-55.15
-62.92
81.68
84.41
-72.36
50.8
53.60
-39.44
51.16
71.91
-41.98
-47.22
-52.58
-33.56
70.86
8.9
56.6
-24.72
-27.81
87.47
-86.78
-83.10
-91.40
29.59
-98.26
-2.0
-72.9
93.93
92.91
87.0
-17.92
-36.18
-82.55
66.47
84.67
25.57
-2.87
36.57
67.83
-46.19
-33.48
54.60
-50.93
-75.16
2.39
73.57
55.86
-57.80
52.57
-7.86
71.7
21.19
83.3
22.70
-40.42
40.54
70.31
15.71
-40.39
95.92
0.45
13.31
65.47
89.65
-6.43
-63.88
-74.29
51.58
85.38
52.0
-81.24
59.3
62.22
33.29
2.87
-92.4
11.22
-22.22
-99.9
3.53
-87.14
20.77
-44.85
-37.78
-49.71
74.59
6.55
54.87
16.43
27.91
39.29
-42.44
-23.86
9.87
-2.90
-34.66
-14.74
-47.10
-18.79
75.25
32.56
16.56
7.49
-69.0
12.80
79.9
-48.80
90.49
77.89
100.50
91.64
-84.42
6.31
5.33
-53.98
-31.93
-94.43
-35.90
15.3
72.21
-35.94
46.93
-52.74
30.2
91.87
31.57
30.89
69.97
-12.28
8.24
-86.55
-92.21
-33.93
-20.25
45.69
-81.99
-1.13
-43.21
-53.29
-39.95
23.71
-55.54
-5.10
-93.85
-31.79
-15.23
68.11
12.57
37.30
81.53
35.55
-10.36
55.69
-1.92
-14.50
-56.33
94.70
-55.12
86.26
-25.48
-3.34
-100.29
96.83
73.30
-59.17
67.27
35.84
76.71
90.30
-60.6
28.32
-89.35
-51.48
-82.32
-99.23
100.97
-48.46
-90.2
28.6
-47.43
-71.56
99.94
22.2
27.60
98.99
-91.56
-55.21
51.93
53.9
-93.9
-9.71
-37.29
-82.3
-71.66
-4.3
-18.48
76.49
-89.63
80.39
-41.4
64.53
6.25
-64.47
30.79
85.21
-70.31
-8.95
-73.47
9.0
32.6
56.49
-40.74
72.1
6.5
30.80
70.10
20.37
97.65
-83.64
-15.14
-67.59
-25.18
81.7
16.99
-53.99
80.1
-23.5
-52.60
20.88
53.84
-8.97
14.34
-6.28
22.17
-75.42
-90.57
-78.69
-5.15
-58.71
-85.81
85.98
94.55
64.55
94.90
50.58
89.60
21.13
-71.45
47.13
-16.20
-98.5
83.85
-9.61
-91.97
-9.2
0.66
-15.34
61.9
-87.31
-7.29
-94.22
-78.58
77.6
2.86
52.11
-41.6
-77.35
42.12
88.56
15.32
-60.74
98.37
34.11
-58.22
68.56
-79.16
-48.70
-74.57
48.38
-96.45
-93.45
90.4
-14.27
-7.73
-10.37
-28.17
42.41
-100.23
34.37
67.86
-28.3
24.3
-29.20
48.69
-68.94
-31.95
-82.76
87.69
-15.64
12.73
90.30
3.11
58.48
-13.30
1.23
-78.90
-4.1
-90.23
-39.97
6.3
62.78
2.43
18.0
39.49
-38.19
46.66
-3.93
-87.34
76.90
-2.44
-14.87
-14.12
19.64
60.15
-51.65
75.22
77.78
72.49
-36.17
-14.93
55.16
-90.15
-63.24
71.35
87.85
29.29
40.43
82.31
56.56
28.35
-26.51
-91.90
-74.37
-76.81
-87.94
-52.40
-73.63
92.64
-34.53
1.21
11.35
62.23
46.80
19.48
24.35
19.79
88.25
-74.32
-95.85
-36.20
62.40
-85.90
-34.59
-69.34
-56.16
18.32
98.62
-63.48
-100.53
-32.97
-26.3
-71.92
-33.25
-81.31
-6.4
68.25
14.28
43.39
71.85
62.56
-35.55
-9.33
90.76
-27.36
-84.60
70.73
59.58
-87.61
-87.56
45.67
-75.31
-11.65
-9.4
51.80
68.14
-33.74
-75.8
-40.51
74.38
-49.25
28.95
29.29
-38.10
-12.19
35.62
30.16
-78.85
-55.86
40.84
40.32
95.31
3.8
-48.89
-61.42
42.31
-89.5
-5.60
-73.47
86.24
54.8
65.22
-38.47
-54.76
12.50
21.18
71.8
9.83
-1.27
-10.12
-95.22
-99.89
-16.7
-24.89
4.9
-57.87
71.86
-44.22
-91.91
68.66
-51.29
20.28
-30.50
-18.97
54.75
-6.62
9.4
89.34
-46.8
-23.22
86.19
-23.73
65.53
86.12
-91.73
71.5
-22.2
-70.40
-63.96
-81.20
-72.74
-53.26
-37.27
-47.7
81.63
-6.69
-51.12
-66.72
-61.19
27.17
-45.48
80.23
-8.65
76.80
-55.10
35.57
52.58
51.62
55.92
-31.36
80.36
64.76
-51.48
98.29
53.10
5.61
21.96
-91.76
-56.22
-7.45
-72.86
58.28
-65.74
-85.64
-56.61
-81.69
-45.7
27.93
4.87
58.44
55.26
32.40
43.61
-83.6
65.57
36.2
-5.78
43.9
-57.11
-18.97
43.60
-90.5
-36.33
-41.38
8.14
-80.33
45.45
-35.85
-70.84
-36.39
58.31
-18.89
10.70
-43.60
-88.71
-96.25
-48.41
-27.34
41.45
-66.64
15.7
-76.35
-10.93
56.34
-37.28
42.25
81.20
23.80
32.4
96.96
-43.68
-46.88
27.50
47.26
-12.56
56.98
60.77
13.8
-62.6
2.89
-22.21
45.26
-24.70
-23.84
62.86
63.19
56.94
29.57
0.29
1.10
69.56
51.2
-69.25
53.62
7.30
88.27
-9.88
-1.31
42.47
65.13
81.19
-11.15
46.83
29.10
-34.82
11.65
21.47
63.38
1.17
36.62
-33.91
47.24
-11.12
49.79
49.58
-58.19
48.96
-82.25
51.86
93.57
-6.39
-20.25
61.9
40.11
1.12
70.24
68.92
18.95
-82.37
56.32
46.88
83.85
70.8
19.8
47.92
-37.83
-81.94
-74.40
49.0
-32.89
34.31
-30.51
35.82
-51.57
-98.72
-8.32
-66.0
-34.37
39.71
-33.14
91.6
14.40
-57.35
-9.20
-58.54
47.12
-33.21
83.69
43.19
23.99
30.84
-40.48
94.70
97.97
13.1
-25.5
97.45
26.15
45.44
25.87
-52.55
81.60
49.94
76.84
-42.78
37.43
-48.69
-25.64
-20.18
7.62
10.3
-40.38
60.37
3.70
-40.31
12.22
-49.93
-84.44
77.54
-78.29
96.4
-1.50
-97.87
-30.52
100.41
41.96
34.16
-42.17
35.48
-25.63
7.3
47.88
97.38
-3.81
39.70
-76.84
58.59
-50.15
74.23
0.3
37.82
-46.2
36.69
-71.2
-51.0
-21.95
53.93
-66.7
4.41
3.59
80.33
98.21
93.50
-66.40
23.24
42.99
53.29
-69.18
-50.52
-48.5
6.52
73.66
-45.27
13.13
-33.27
18.66
-90.4
-19.59
-62.25
20.27
97.35
-16.34
66.47
-23.50
82.55
20.57
58.45
-59.80
-68.32
-70.99
-63.99
-45.30
21.29
30.75
-4.81
-94.81
-20.23
34.93
64.47
-97.11
92.26
54.79
46.94
84.12
-42.89
58.77
-57.77
-61.10
56.90
14.97
-74.57
93.46
-45.88
-80.16
-89.85
-52.13
20.40
80.75
-31.95
13.39
-1.80
81.11
77.85
-77.7
42.27
37.41
72.5
-89.66
51.58
99.58
-68.94
-33.75
77.68
57.37
100.56
68.42
-31.44
8.16
-99.64
66.57
-30.42
97.75
34.54
-95.24
84.86
-77.97
-74.17
44.51
30.13
50.9
-28.30
-1.70
-32.85
-32.66
45.65
-47.32
-6.65
-66.87
88.79
33.37
26.23
89.31
-37.46
63.95
23.64
54.54
2.12
-14.78
53.32
3.15
16.17
-6.72
47.87
-3.16
-27.64
87.98
22.13
-3.41
-30.82
-65.36
-28.47
-23.25
65.11
14.21
48.76
80.40
-22.90
1.57
25.29
47.91
-95.41
63.25
-15.29
-35.67
-45.68
-2.70
-49.46
43.26
99.45
100.26
-37.73
71.72
-31.6
19.34
-13.38
-22.92
-37.51
-20.50
-5.70
44.29
-9.32
3.29
20.3
2.81
-74.48
71.90
-48.36
-18.61
99.61
-86.20
-22.90
-12.87
93.49
79.71
-90.0
-13.38
19.6
-88.16
-7.28
-90.66
27.60
-22.77
-42.8
-61.41
-66.61
-47.3
-12.90
9.64
-83.32
20.86
-53.76
75.56
43.39
-81.37
51.88
-38.45
-49.35
86.91
83.93
-29.70
-69.28
35.7
-3.68
79.58
-86.11
77.69
93.49
-99.33
-51.90
27.34
-42.12
57.33
-74.39
78.4
-1.92
36.22
-7.90
81.27
-55.55
-37.34
48.38
-57.90
-98.31
-9.70
79.60
56.52
36.90
14.35
37.84
61.23
-53.63
15.94
-91.57
26.25
-62.68
-62.36
-66.13
-65.61
-94.98
-29.22
51.32
60.7
-26.44
-29.39
38.88
-38.93
-58.97
-100.65
-75.83
13.67
52.93
3.64
75.49
-9.96
1.87
3.67
-49.98
94.14
39.22
-11.89
-36.21
-84.98
-36.75
5.41
-41.67
23.58
-63.41
82.70
19.33
52.78
44.29
-48.63
-68.62
39.67
62.95
45.12
-96.58
89.54
-47.79
-41.40
2.18
46.70
9.52
4.25
8.65
95.58
73.81
8.28
15.41
3.52
37.3
33.26
25.24
61.17
30.12
-87.71
-93.91
89.78
49.59
-73.91
-65.26
-97.93
87.98
95.28
85.26
96.98
-59.10
-26.97
-36.86
26.43
85.10
-59.62
2.86
-20.64
9.25
-74.10
-31.35
94.43
52.96
27.15
-87.25
57.37
-98.45
-7.82
14.88
10.59
-37.2
31.61
80.79
-36.74
14.42
-4.15
-56.64
87.36
-83.83
-43.35
-77.55
44.0
35.59
-49.89
-47.22
37.30
98.47
84.67
7.27
-90.29
-48.27
47.57
-30.90
-75.71
-23.32
-49.10
9.75
30.61
7.36
16.45
19.57
-34.56
72.62
-75.2
-92.65
99.49
80.59
-93.42
14.72
81.49
-80.10
-4.58
-55.93
11.58
65.21
70.32
-80.72
75.73
54.61
-90.72
-9.38
39.94
32.82
-73.92
-77.78
31.43
-21.77
-9.77
-43.93
1.0
19.84
-68.84
31.91
55.88
-37.86
94.38
-80.1
47.23
-2.33
-24.52
11.89
75.26
-21.22
-34.20
-52.72
30.3
49.96
-73.22
-2.19
11.79
-97.9
55.11
37.90
71.37
-56.7
36.54
53.64
-60.77
94.64
59.26
100.1
-56.47
-90.50
96.18
-64.3
79.56
-56.24
-98.93
-59.85
57.69
8.64
16.14
98.7
-41.11
81.79
-78.57
45.37
12.20
-84.36
11.36
29.67
6.36
-81.61
50.2
-83.43
-4.89
92.60
-54.68
67.30
96.11
52.44
-51.23
96.39
-72.41
-46.5
-50.51
-70.84
-46.71
25.39
38.80
-96.35
76.5
63.8
-43.7
-61.30
-81.30
-95.58
30.93
31.51
-3.39
77.38
-86.1
-41.69
-85.84
48.75
-78.81
-91.41
-79.27
-41.87
-78.40
-23.74
34.28
92.53
-24.15
98.57
-64.42
-84.42
28.4
-100.14
94.33
-80.12
78.54
25.85
-41.69
-1.2
15.32
-96.83
45.29
39.85
-68.65
10.26
95.14
67.53
-65.65
19.60
-92.80
-46.22
8.62
-2.72
44.48
-45.51
-69.96
-91.79
-12.65
-61.75
-57.98
-45.65
38.90
82.67
-13.44
37.54
7.22
29.6
-87.27
44.86
46.84
-23.33
99.3
55.4
-86.67
-37.70
-9.96
-11.95
-60.76
93.45
67.52
-48.92
47.95
-3.90
-68.83
53.17
61.65
-29.65
49.8
69.42
98.73
39.79
-41.53
27.46
7.78
9.6
-38.90
33.47
-93.2
70.68
-88.23
-20.71
-3.19
32.69
38.86
-48.19
24.21
68.73
60.90
66.0
51.41
91.98
-5.43
5.1
85.53
31.88
30.59
55.31
-24.73
4.88
36.34
-24.45
1.20
-80.84
22.43
-39.9
-83.13
-26.66
-3.49
73.53
-94.90
39.97
-35.87
-32.58
-45.61
-86.98
-60.64
73.36
-47.49
33.36
96.35
41.39
58.78
71.13
-75.33
-93.8
95.94
22.3
-73.58
86.22
89.85
-51.68
-33.80
49.86
31.26
12.22
46.80
-89.72
-53.55
-53.39
40.38
55.52
16.49
60.6
50.78
32.45
-29.82
72.25
35.69
-26.73
-3.33
42.21
-44.72
28.27
80.1
-45.37
-63.98
-91.80
35.7
24.7
-36.33
-88.19
-5.95
5.97
5.5
-6.49
33.59
56.13
30.96
-70.41
-29.44
3.98
-70.27
-43.36
-54.60
-65.61
43.36
100.19
-7.2
51.36
32.82
-82.8
-60.96
-22.3
-7.88
19.25
-51.12
-30.38
37.66
-54.5
-38.99
-4.88
-37.82
24.29
1.17
68.23
20.49
36.96
-62.4
83.58
87.72
-28.3
-37.73
-89.1
8.3
85.50
-85.53
-28.73
-69.57
-4.45
78.25
96.33
-41.37
83.96
66.83
24.74
70.55
-79.12
-17.95
36.96
-90.50
57.83
47.90
2.55
58.59
-7.44
97.46
-66.7
-23.68
83.77
-18.32
26.76
17.35
86.30
-4.49
-60.90
-79.2
21.89
30.46
-16.6
-9.82
56.9
-33.72
-46.40
-76.49
-83.77
-38.88
75.46
-67.94
-64.51
5.80
-25.80
-50.44
-13.35
-57.57
-5.26
80.64
97.72
-7.63
96.28
-47.71
-49.23
-99.91
-78.35
-68.1
28.11
41.64
69.89
14.45
49.97
-99.34
74.76
5.70
-98.41
-88.14
74.23
-52.15
1.76
-80.21
97.12
42.11
-33.25
-53.85
-93.5
55.27
-29.96
23.86
35.11
-41.79
-82.5
78.94
-46.46
-90.81
-38.82
-58.54
100.51
28.66
50.17
-16.27
-43.72
-70.66
-26.67
46.65
54.48
55.97
65.96
67.71
-7.40
-46.20
-10.64
-77.41
-11.15
-44.60
21.59
28.45
54.3
12.92
-49.86
-63.19
86.30
-73.74
-74.88
58.53
7.10
-84.38
-80.86
30.4
-2.29
21.11
-98.0
-14.28
-11.65
5.19
74.77
76.4
36.33
-78.55
-33.71
77.16
-25.90
-46.61
52.65
59.29
-71.47
-69.49
-10.35
-22.40
-63.90
-77.84
-30.41
59.11
1.89
-87.0
-97.44
-68.71
46.78
-60.34
-48.52
11.9
-49.52
-88.30
46.68
-66.77
32.39
91.75
-58.89
-98.34
25.63
89.57
-61.52
90.67
-52.30
71.89
57.19
-83.7
2.85
-84.96
91.16
13.7
-23.67
-27.0
-36.46
41.35
-61.10
-51.57
-69.49
5.56
-29.64
56.42
65.43
18.89
-9.88
8.73
22.74
-5.65
52.22
-67.19
73.47
-67.83
-64.19
-69.58
10.38
-39.62
-31.94
-76.0
-42.51
-17.89
-10.24
-28.75
12.14
67.92
97.49
59.15
-28.4
52.13
-35.0
-31.98
-20.96
63.9
-24.64
25.53
-20.75
89.12
50.21
-85.36
91.89
45.1
-73.87
-35.22
51.9
89.67
-32.63
-68.70
-93.13
35.56
-12.72
29.79
38.31
43.34
-23.4
54.41
-37.93
-40.65
-82.36
-27.26
-59.67
-47.19
33.80
-4.53
-65.92
16.5
-38.20
-82.7
-93.12
-38.99
-37.88
-66.97
5.69
59.7
26.25
-64.36
-32.57
-29.50
35.45
74.17
62.77
-33.54
41.99
6.89
43.53
-16.87
-49.53
16.66
50.66
14.42
-38.77
13.43
-91.71
-100.76
5.88
-32.44
-34.29
61.8
-79.98
-93.28
-35.3
73.81
65.72
81.90
14.82
-86.61
15.44
85.97
20.82
-98.81
-53.28
31.76
-8.83
-100.75
77.64
-32.82
54.21
-2.38
-5.47
19.70
72.28
58.21
47.38
-37.28
13.37
-37.57
38.82
-88.71
-46.51
97.98
-51.41
52.57
-35.79
-43.14
-9.9
53.26
70.20
-23.86
76.0
-34.25
89.96
84.91
14.93
-8.6
-64.62
91.91
-53.33
-59.86
29.93
-37.1
88.15
-85.94
-67.59
17.88
100.1
-76.92
97.32
98.17
-12.33
-36.16
84.50
-75.36
49.77
-72.85
28.24
57.31
75.83
60.1
33.20
-65.27
77.37
8.57
-30.59
43.61
43.70
39.51
16.98
81.54
-3.64
39.54
35.75
77.35
-83.64
60.25
29.56
-90.74
-64.1
91.32
100.76
-31.95
21.97
-51.49
22.67
47.1
-89.18
2.84
-31.66
-98.18
-54.31
5.64
45.1
-52.70
-15.44
-35.80
-50.84
-25.21
-60.73
-52.35
58.27
-73.36
69.92
83.16
34.58
16.85
67.54
-93.3
74.65
70.95
84.19
-52.54
58.37
-57.50
-11.47
2.53
-48.61
54.89
-66.61
46.46
94.90
-66.77
-51.67
97.78
-30.4
-96.29
74.64
76.62
21.30
3.21
-80.34
-4.35
-8.30
-27.26
-85.69
-15.22
92.14
-23.9
26.30
17.80
63.16
-87.88
-39.53
-99.92
-83.4
81.51
59.38
-51.64
-49.40
55.80
13.85
-82.12
28.27
90.28
-95.30
39.55
-49.47
-28.91
-82.54
86.24
75.9
-68.24
91.31
-25.10
47.10
74.59
-21.36
-28.4
-23.68
40.53
-35.83
46.65
-100.89
-31.32
92.89
33.21
-90.43
-65.92
82.42
-80.31
-6.65
42.3
-60.82
-3.37
82.57
9.5
-43.69
41.59
44.72
21.1
-16.52
42.68
100.14
81.10
59.30
-43.36
-47.15
-23.23
5.76
-43.8
-46.59
-7.8
-19.25
-55.77
-13.78
60.63
90.58
-60.69
-10.41
-21.8
18.15
-42.56
-35.11
-80.36
23.33
-58.97
73.81
23.26
-70.86
0.39
3.30
35.49
50.20
75.48
-10.56
56.80
-69.78
-76.73
-67.81
-70.91
39.61
-38.72
-12.43
-73.55
56.80
-26.88
30.65
-84.97
84.77
-85.81
-16.35
-34.59
-70.30
-19.89
36.34
87.9
53.32
-70.17
-86.77
-27.94
-32.99
-68.22
81.93
88.77
-19.65
42.0
-70.31
-24.13
-77.39
-38.30
-88.57
86.81
35.11
100.39
-57.60
28.16
67.60
85.55
33.45
-46.66
93.44
-47.20
39.43
-31.49
-20.73
21.34
88.46
40.34
-75.25
26.67
24.47
-8.61
-98.11
-56.24
34.18
-58.8
-52.75
80.78
9.47
47.41
-60.93
44.66
-72.78
89.31
35.31
-5.45
-16.3
-21.5
3.58
-61.48
92.98
-98.55
40.9
-52.62
-2.99
-64.35
18.54
18.5
93.72
-18.73
34.76
-4.41
-84.38
-78.96
66.71
31.73
-95.8
89.55
31.95
29.16
24.0
-18.44
-10.5
56.89
98.60
98.96
-22.72
-42.39
-21.42
-25.49
-52.49
90.57
19.20
-13.63
-52.39
97.3
-6.26
-56.56
7.93
-7.72
-66.18
13.40
85.59
-84.78
3.15
-97.17
89.17
-96.50
55.83
91.4
-6.47
43.37
65.67
-4.55
-18.22
-20.27
57.3
-51.81
-78.6
18.84
89.35
97.56
85.61
-10.86
-93.24
-72.6
-68.83
84.20
70.25
-57.68
7.28
86.50
-9.46
-70.30
59.40
-58.35
8.92
-41.26
-91.63
-29.85
-70.15
31.33
-94.73
-49.41
-85.43
2.20
-73.8
93.89
-69.92
6.37
11.85
85.64
-18.90
-72.55
-98.3
0.57
-37.41
-44.53
21.39
-96.8
-34.81
4.11
-26.85
-83.43
-61.64
38.88
70.94
-50.54
-67.3
42.43
-40.16
-64.60
90.61
76.1
-51.97
-89.16
69.72
5.5
-66.43
-19.34
-56.94
-87.4
91.14
-22.11
29.93
-35.89
-27.2
-30.8
90.15
-9.19
-69.57
60.79
-77.63
80.74
-33.99
23.68
-47.30
-73.76
-98.53
-88.57
-97.95
-18.34
-22.89
7.3
-12.56
-94.81
-14.93
-46.99
-85.15
-76.58
11.92
-83.38
32.93
15.2
-99.79
18.5
83.22
-8.18
-9.34
66.62
89.79
56.36
90.73
-67.61
86.26
45.32
-50.94
40.91
-85.86
-91.76
55.93
87.19
-69.33
-89.21
-6.52
86.60
-33.56
94.99
-11.87
32.41
-53.14
-31.9
64.2
89.93
11.89
-33.67
99.19
23.83
-87.32
93.86
-62.91
-69.91
68.75
85.56
7.97
22.99
84.71
51.5
-18.43
87.30
-1.59
-30.47
-73.11
52.65
-65.0
80.3
-58.23
-20.97
92.65
-86.29
31.86
-13.46
-51.99
53.72
-94.37
-25.76
17.99
-83.56
23.19
-87.56
-9.95
53.22
95.85
-69.15
23.69
89.12
-82.67
-76.20
68.16
-39.34
16.1
5.89
86.89
19.37
19.18
72.34
-73.91
14.0
57.73
0.93
-97.72
-60.31
88.14
-42.3
19.82
-15.14
47.78
-45.46
78.90
-89.72
-79.48
-96.93
75.4
-34.33
48.9
-79.7
58.72
6.86
-64.29
-72.36
73.99
-61.41
-84.40
-80.14
-50.37
53.75
-86.42
-87.49
23.25
-50.49
73.15
-56.12
64.79
48.11
23.12
-10.11
-58.53
76.47
93.87
-85.79
-81.46
-93.67
-54.95
-85.40
33.30
15.47
87.38
48.22
-21.49
50.12
82.86
27.7
39.71
52.0
38.48
64.43
74.9
-29.72
-79.64
43.21
38.99
34.32
20.55
-74.67
-78.45
12.63
14.71
27.58
10.26
-52.4
-45.14
28.67
-37.67
-53.81
-64.31
-40.31
31.29
92.8
-17.0
-23.32
90.79
-49.74
85.83
-84.14
4.69
59.66
39.34
-31.59
29.67
-28.92
36.10
36.35
82.27
97.87
38.75
-56.21
-69.71
-90.25
-72.67
-83.80
15.28
-99.32
40.54
-22.87
-48.38
-12.35
40.9
-36.81
-67.9
-23.45
28.4
63.57
-10.89
-66.70
-43.90
-13.16
-83.11
15.80
83.84
64.30
96.19
-41.79
-54.26
-43.37
-19.8
76.65
-40.78
-93.54
48.46
-91.28
-58.88
-5.65
47.3
-45.95
62.24
-51.30
-99.26
71.64
-92.63
-58.22
-96.95
-40.65
7.77
-43.6
-21.30
-74.86
27.22
-67.25
10.67
92.97
29.5
77.41
55.87
-70.98
53.76
-26.14
41.90
9.35
-83.81
20.30
-81.75
90.73
-80.78
-91.14
87.12
19.9
19.19
18.40
-62.79
-51.24
83.83
14.71
8.57
28.64
5.95
17.98
64.95
-60.53
-89.43
-49.37
25.56
-55.56
32.18
46.58
-15.85
-22.92
58.34
-44.74
84.5
36.48
-56.53
-11.98
96.45
28.58
42.26
5.82
38.65
-94.3
31.86
-34.77
99.1
78.52
12.72
-1.91
19.21
73.18
-1.18
-100.5
-49.98
-83.55
-70.37
-68.61
5.15
-57.16
-46.64
100.99
55.68
-84.25
-53.34
72.41
23.70
-10.8
-20.79
26.17
40.97
-8.86
-28.75
-80.37
85.24
-74.27
-97.24
80.82
-96.73
-4.34
43.51
10.66
-13.27
76.88
80.22
-40.16
38.34
68.93
-88.5
69.59
92.94
-56.78
-48.64
65.0
-45.80
34.9
29.83
-16.24
71.80
14.31
49.26
27.71
95.13
-35.53
87.50
4.0
-85.0
94.11
-55.78
-69.82
-16.98
-41.76
22.54
76.28
92.29
-80.17
22.68
59.69
28.51
-75.81
-25.62
59.46
-82.31
-94.4
88.57
72.43
52.46
-68.73
91.13
72.78
-58.19
-67.21
96.15
2.20
-85.71
12.63
55.21
91.73
-77.86
-78.71
-41.82
8.53
66.24
-84.66
92.71
-99.25
-9.37
4.65
-78.31
-58.86
-80.77
-94.21
-56.72
86.11
28.77
-99.97
-85.0
-40.30
29.40
-88.63
31.0
-3.11
59.83
100.31
-55.44
64.49
59.54
-89.45
46.18
-66.42
-2.61
21.69
67.15
87.19
-16.19
-79.6
-100.37
-85.58
51.6
9.76
-42.39
76.7
26.61
-53.97
-69.87
51.35
63.36
84.13
99.95
52.80
58.24
-26.42
50.9
-71.79
-71.57
-63.60
-63.99
8.16
-26.2
-58.6
-65.44
-27.46
-72.85
-95.55
67.73
48.93
54.0
-86.18
2.40
30.74
-65.8
-79.79
12.69
8.18
-61.30
60.39
-34.40
-52.47
-36.61
-85.92
-7.36
-17.25
30.38
14.55
42.15
-68.59
-29.72
-6.96
-100.83
-60.71
19.4
73.70
95.59
-52.2
7.2
-17.92
72.4
80.98
-87.2
-45.73
33.17
71.5
14.4
26.81
73.11
-5.25
-30.64
-23.1
-34.46
66.58
-33.19
-35.91
61.26
82.50
-93.40
39.63
1.50
-17.6
99.40
-100.40
-25.13
73.78
39.63
-18.45
-5.72
-94.49
25.72
-36.28
90.41
54.10
82.41
-12.91
-57.87
-54.68
-55.97
-84.78
19.43
-3.83
-83.60
-78.46
-43.37
1.61
16.98
90.49
62.53
-24.57
-26.40
-59.83
26.91
-58.60
-71.30
-8.43
-8.23
-88.15
-11.99
45.24
5.37
-7.3
69.8
67.64
32.95
-43.57
-7.17
57.8
-17.22
84.62
100.11
74.14
38.61
74.32
87.64
17.26
56.97
46.34
-49.98
54.22
49.58
5.96
13.97
-80.6
-89.32
-15.45
-23.20
-89.9
83.99
58.80
-79.20
-72.14
-3.0
46.4
-72.37
7.43
-92.98
66.80
-28.15
-79.49
94.6
-5.35
-59.86
88.14
10.71
-31.92
78.6
85.42
87.59
-5.75
-87.8
-87.82
-17.96
-5.35
96.19
80.81
-43.87
-27.70
54.12
-2.54
85.8
23.20
-2.79
14.7
-53.49
11.36
97.3
-13.33
20.31
-33.6
53.2
27.81
-79.80
-99.51
40.47
48.57
-75.35
-51.36
-5.66
58.41
-28.38
-62.59
-63.95
38.22
-70.7
77.92
-4.99
21.34
-38.52
79.58
85.17
78.82
-71.3
7.32
57.79
-22.11
-81.90
-65.36
-36.99
-78.14
-16.56
-67.11
-47.94
-73.92
19.95
-79.95
54.64
-62.35
66.28
-35.51
39.6
-46.91
-73.66
72.15
-32.79
89.77
39.43
80.33
2.12
40.79
10.1
-31.49
76.72
99.46
56.18
-83.94
62.44
-9.87
91.85
-46.59
23.71
21.83
-90.23
-44.19
-92.91
67.55
25.55
77.97
-52.31
45.92
13.78
74.77
-89.72
-95.76
81.95
92.53
50.28
25.39
-22.81
-65.45
87.50
-69.47
-90.68
14.36
-59.19
90.13
-6.39
-40.72
57.10
-70.6
-67.73
-85.5
53.45
9.22
0.95
-94.75
38.14
-10.88
93.80
80.75
-7.20
-42.89
50.94
33.35
22.27
-74.60
51.22
-15.71
-87.63
-91.81
100.7
76.60
-74.89
7.15
-42.28
82.21
-97.96
-7.35
-18.65
47.45
4.34
-33.28
14.78
-35.63
-44.1
84.30
-34.53
-28.70
-20.26
-38.97
64.7
-49.61
-53.53
-40.37
-35.2
91.31
66.19
-54.96
-39.66
51.44
3.87
-95.57
67.27
33.63
-99.53
59.77
-58.77
-61.66
72.46
45.49
-53.17
-28.9
-51.50
-22.61
6.41
-55.99
-82.29
-40.20
22.59
25.48
59.11
-83.2
88.91
10.33
85.72
44.28
38.80
13.19
51.8
-9.83
30.23
77.69
61.16
70.9
34.33
36.89
87.19
-16.83
-34.95
53.10
64.6
-19.37
-75.93
54.81
44.16
-62.30
82.21
-4.71
33.11
57.89
69.63
57.1
99.5
-86.73
7.0
73.29
-35.32
97.74
55.20
49.38
75.11
-19.37
-19.77
-41.88
-76.22
-28.92
65.59
13.22
63.78
-13.60
20.75
-2.78
-2.19
42.5
50.15
88.20
-48.4
-80.78
-87.26
-40.47
84.6
85.54
-80.61
-57.38
29.57
99.32
-25.22
62.28
54.41
100.68
-99.32
-40.77
-52.87
-54.59
34.61
93.31
-65.58
73.47
-88.31
1.62
-94.6
-34.52
8.32
35.40
87.20
-41.69
-38.50
-15.42
12.64
-100.61
73.44
-11.77
-36.90
51.78
85.99
63.86
73.2
-81.50
34.94
-12.62
-86.88
-59.53
-41.10
0.6
-35.84
12.32
-85.58
-26.9
-68.91
-68.28
42.20
-75.93
-10.64
-82.92
-76.58
-65.58
40.24
-21.31
-15.15
-49.43
88.6
-51.55
29.19
-87.35
68.60
66.10
-31.11
-99.53
-29.56
-69.47
-72.2
-20.48
21.48
14.57
-88.29
-81.15
-68.67
-3.20
42.68
-13.50
58.41
13.9
12.82
21.52
2.23
-51.55
63.34
-35.3
84.60
27.45
-36.44
94.4
-78.81
49.85
-49.8
91.72
79.90
-48.80
86.76
37.99
-59.19
-17.59
-96.52
50.85
-72.9
0.56
-57.49
-23.44
-48.10
28.43
-66.72
33.67
-46.44
77.46
82.90
19.54
-90.79
55.73
18.87
100.68
-78.14
-55.46
23.91
13.87
-25.62
72.26
-85.86
-47.24
-9.78
12.2
44.90
-51.33
-92.44
15.11
-84.28
-86.53
-99.11
91.11
-59.15
-65.11
26.15
-67.34
13.4
-99.51
-42.53
-13.45
4.31
-54.35
-3.4
-66.58
90.96
0.23
-22.81
74.50
3.91
15.74
4.35
-14.2
97.10
50.11
93.68
62.75
-52.1
22.82
-90.94
87.70
1.36
-5.20
-86.79
-36.32
85.85
42.58
62.93
31.7
5.46
84.50
-91.3
-98.96
44.13
-65.12
42.26
-15.71
77.24
39.30
-35.77
48.62
32.93
-84.61
47.74
77.89
-46.54
20.70
-21.50
12.47
10.74
-64.54
69.57
-53.24
-88.94
6.67
31.19
18.14
57.69
58.4
57.73
-47.64
-69.65
-17.24
-53.14
90.38
-45.56
15.20
-81.54
-89.59
73.80
84.92
97.66
1.32
-50.67
10.94
68.98
-93.12
73.76
13.20
-68.6
76.15
-60.56
70.41
10.97
41.78
94.41
-24.92
6.21
-66.66
51.63
33.89
-82.2
17.21
-93.10
82.86
-83.54
-92.27
1.1
-77.75
6.79
-89.18
73.30
-97.70
86.65
-23.30
87.63
-92.3
-85.79
-38.46
-83.51
68.65
-48.95
-36.94
-54.11
-93.56
65.67
-78.18
88.62
11.13
-81.25
-96.82
-56.5
-69.69
43.75
52.12
-40.79
-27.95
-44.44
24.3
-58.3
83.45
-13.9
84.92
-24.49
-38.35
-46.5
-91.76
78.84
-84.3
-58.74
9.15
60.3
-73.58
-79.61
90.16
-69.19
23.54
56.98
37.18
-54.95
-65.62
-75.21
7.72
-84.25
-1.81
-67.7
-18.19
7.58
-40.63
-100.19
-8.23
31.34
28.14
28.5
30.46
-18.1
32.10
13.2
31.68
56.15
38.91
4.50
-73.27
-29.41
37.2
31.32
-33.93
-82.45
-93.79
-81.10
-62.62
20.94
69.85
93.83
39.30
61.66
2.80
2.59
29.77
76.10
31.86
99.31
80.26
32.82
-11.19
19.74
46.90
-21.30
-17.6
83.84
91.28
57.22
-15.45
52.99
87.75
25.87
-60.49
-28.53
5.25
-1.36
-67.59
78.35
72.56
-56.62
30.16
-14.34
78.68
-46.20
-8.38
-59.45
-78.34
81.20
77.41
-12.16
44.0
3.55
98.75
-71.76
-63.54
-33.33
-18.44
68.4
-88.91
14.59
-46.31
-60.89
-36.34
89.83
77.3
-60.83
-86.93
-3.88
-19.67
61.90
-11.86
74.52
-71.38
71.14
-86.76
83.32
-78.12
-38.28
83.91
51.18
93.23
-100.95
-47.85
-95.74
-10.18
41.19
-1.86
46.53
94.34
-5.25
39.73
-36.93
57.60
17.9
-59.60
-62.89
-6.48
18.34
-89.28
15.50
39.98
97.10
-61.91
50.2
-8.83
-85.12
44.0
31.92
51.4
-41.88
35.98
99.22
-27.44
90.34
-29.6
-9.78
-16.97
-73.27
28.44
9.54
90.63
-30.95
-90.46
35.9
-98.96
-64.97
80.98
43.75
-63.25
-4.35
-91.11
61.52
-17.60
-94.11
78.91
17.98
-58.32
-21.3
40.35
86.46
-67.72
-59.53
2.21
55.31
-91.64
88.56
-51.34
25.24
-77.15
72.45
-72.10
-50.81
35.7
18.78
59.27
67.41
-16.88
52.44
-41.2
-26.3
46.17
-30.61
-82.72
46.8
-4.45
-73.62
42.22
33.11
-16.52
32.43
-2.22
24.54
24.87
9.4
-82.44
31.30
-3.96
-68.26
57.25
60.82
-74.88
52.64
99.47
70.61
-93.22
45.59
-77.19
-12.75
-78.31
22.83
58.18
10.12
-38.28
-73.40
46.61
-20.49
-42.98
80.9
-7.41
36.61
43.91
-62.72
-97.23
-62.90
85.70
-38.4
-5.33
57.14
31.66
-25.33
-39.20
67.10
35.52
-61.60
42.0
67.6
-34.17
68.1
37.6
36.78
19.5
-11.71
-49.1
-94.26
33.79
-40.84
-93.9
-37.56
48.10
-4.58
-25.51
73.85
-56.81
63.46
41.48
3.16
-37.59
-90.65
-35.38
55.2
-99.21
46.78
11.73
92.11
-21.55
-86.90
-50.63
-70.80
-22.15
9.52
49.93
-58.71
74.74
14.13
-94.96
-48.22
100.36
52.85
17.96
21.92
-54.57
3.56
-62.72
89.2
-5.38
69.6
5.56
-89.7
16.44
48.52
52.26
36.93
-2.54
84.48
78.26
-98.9
-16.2
57.65
-71.50
-36.59
19.24
73.45
83.95
-57.52
-6.19
43.96
-97.57
-91.55
-98.89
-99.24
-16.87
50.4
41.99
-74.72
-65.9
-61.84
18.95
-79.43
74.60
41.91
-94.97
85.7
-19.13
-70.36
22.11
-61.12
-74.34
-51.45
-19.8
-58.9
-20.24
-42.40
55.32
-13.26
-18.48
-28.7
-10.34
-65.93
15.94
46.33
95.74
99.60
-80.29
62.59
2.77
100.88
-93.80
-41.51
-71.99
91.62
41.18
82.77
-13.4
21.32
-28.0
-39.65
-38.86
-57.56
13.70
-2.38
7.41
53.30
-3.97
17.2
-45.16
-46.29
86.72
66.71
-35.1
44.22
22.34
-58.48
7.9
-74.69
45.22
-35.66
18.86
-58.38
-82.27
0.72
-47.18
-60.53
-13.76
10.91
-90.7
-39.2
-48.70
43.27
-84.57
-55.14
97.88
-88.60
-16.86
-40.56
-23.30
-72.5
83.31
100.69
26.35
-49.97
-72.52
14.57
-15.50
69.40
92.32
-22.16
62.78
-32.27
-30.34
-19.41
-97.2
6.2
5.65
-66.58
-95.25
-85.43
38.25
-95.82
-51.55
1.90
73.20
75.41
49.98
37.3
-49.10
-52.60
31.38
-6.62
-88.85
28.11
-58.90
70.83
-17.97
1.85
92.0
-6.2
94.62
-57.7
-15.30
-13.53
36.13
55.62
-80.75
30.77
-98.75
38.64
79.78
-20.28
19.30
-49.19
85.39
-41.2
-78.17
-23.38
19.88
45.4
37.97
-15.69
-52.49
11.35
5.70
66.1
74.4
-45.51
-68.2
62.78
14.94
-16.73
46.67
16.72
-77.24
21.76
96.68
83.19
-89.0
10.17
-37.28
-90.47
98.25
84.87
13.78
-88.41
-17.22
-69.64
66.78
-6.91
85.96
85.85
68.83
-38.60
31.7
75.2
37.91
25.73
-48.97
32.0
86.46
-52.57
-80.87
19.14
100.3
84.23
-99.26
-18.44
-68.22
99.14
-63.16
3.95
8.56
-69.96
46.80
19.15
76.42
85.28
-31.21
46.91
-8.82
-38.70
-1.80
21.88
-21.16
45.87
81.77
-22.26
-30.39
18.43
19.38
45.83
47.26
-92.93
91.92
-27.95
-99.39
-58.86
19.52
84.86
23.19
21.94
-59.43
-56.93
-50.76
-51.18
-85.2
65.52
-38.9
76.76
69.3
-75.83
98.22
25.94
19.79
13.65
1.33
-83.96
0.70
18.52
78.22
59.73
10.78
19.66
-77.88
-99.74
99.63
6.10
-18.94
69.71
90.64
32.17
-41.19
85.96
-30.17
89.86
17.86
-56.69
-11.68
8.94
-68.83
-17.66
8.16
85.56
74.76
20.0
-81.49
-81.90
65.85
-49.78
-17.82
-4.75
-72.65
66.13
-40.85
99.3
-79.98
-24.72
23.10
-7.66
-1.72
68.41
32.76
32.33
7.63
14.2
-19.95
-23.91
-85.36
-29.89
53.72
-71.17
-64.89
13.93
4.29
-53.43
-88.6
89.70
-45.62
94.85
-3.4
37.41
-72.93
8.39
-14.38
56.62
12.79
-93.93
-58.67
85.40
27.24
-85.87
89.58
17.72
51.55
-2.51
-41.46
43.46
15.12
57.14
72.58
-1.2
0.24
15.14
33.29
64.37
-10.89
36.59
-93.91
70.10
88.43
5.57
-65.11
-61.46
38.64
47.40
23.35
-61.0
0.28
-14.57
1.91
83.85
0.82
30.14
92.22
-83.92
61.81
-64.97
88.76
90.79
25.24
75.5
4.66
92.49
13.51
-56.28
-27.93
-58.95
-16.32
-24.4
57.24
-90.71
-17.63
3.27
-97.37
-61.99
17.41
9.58
-96.63
-64.27
58.85
-31.61
-5.87
-84.59
-99.6
-81.73
-44.18
55.46
76.19
-42.57
-16.77
-11.2
68.0
85.38
-71.94
19.85
-21.30
-91.19
21.52
-49.45
-83.74
85.94
47.51
39.58
-1.46
-50.33
40.34
21.94
56.55
97.54
2.11
-42.24
29.85
-14.91
-70.50
46.34
19.6
52.70
-78.50
17.93
9.16
71.58
-81.62
71.29
81.94
20.33
-35.89
41.19
85.55
-14.96
-72.63
92.85
9.47
-19.30
77.66
6.53
-1.64
3.65
-29.38
51.7
56.15
0.39
-20.21
22.90
47.12
71.14
-77.60
23.67
-82.73
-2.97
-64.68
99.13
71.36
-13.49
77.22
-47.98
-81.12
-63.24
-68.19
-74.37
24.36
-36.54
-52.28
62.26
-9.68
-7.59
39.80
52.62
-54.74
28.30
28.97
18.60
24.86
-83.9
11.15
45.5
-56.71
-37.51
-36.13
99.92
82.84
27.28
42.78
86.99
-30.95
-95.92
-63.65
-30.24
-63.41
-18.1
-56.65
-61.49
-29.0
-75.1
42.5
79.1
77.72
-64.81
-79.21
-95.68
-98.15
-25.48
40.48
-5.67
53.81
-55.9
-41.36
36.69
71.76
89.32
-30.90
23.67
74.93
-85.21
-22.63
72.94
-79.90
-53.37
89.19
-49.8
-19.18
-6.99
23.58
40.78
27.92
57.97
63.66
30.52
-3.8
-69.12
26.70
18.43
28.43
-93.60
-57.74
-40.15
-54.27
81.1
-2.41
-82.31
50.1
-9.79
-59.21
53.28
-18.78
-69.83
-6.63
46.94
38.35
-84.80
1.93
16.32
-7.62
-76.7
86.82
-98.96
-34.2
31.86
-37.97
-74.45
-23.74
10.53
-63.18
-71.4
-13.99
-14.21
-35.75
-10.16
-2.73
19.31
-9.0
100.54
24.62
95.59
-9.20
-60.97
-32.99
46.6
28.63
-99.75
-66.64
-80.67
63.78
2.66
34.13
20.91
-47.69
87.28
84.12
47.61
6.72
67.92
-59.56
85.19
-45.45
75.22
-59.69
68.35
33.72
60.95
10.9
-42.94
-90.75
-96.86
34.93
-61.56
-87.51
-62.12
-87.26
-68.31
-71.65
22.33
-85.89
-33.32
-50.18
31.25
47.91
28.9
-61.0
56.13
-32.45
-17.33
-58.78
58.23
-85.53
-27.42
71.11
-6.81
-43.63
-88.94
-15.96
54.26
88.53
-5.35
22.6
-67.95
11.48
-45.7
27.92
-4.28
-7.21
-37.49
33.91
-99.77
-1.40
-32.86
46.5
-66.78
84.32
-8.64
66.9
-15.7
-100.13
17.58
27.87
-3.16
20.81
10.6
-25.29
-70.17
-13.68
-22.35
-55.99
-52.3
22.32
-74.49
97.47
-83.94
-5.62
87.95
-76.41
-33.50
80.90
6.68
-13.8
-71.70
92.35
-67.61
30.16
38.7
97.93
61.40
50.10
-76.18
71.45
44.17
19.55
91.70
80.41
4.44
66.94
23.51
100.93
21.80
-50.49
15.2
-78.58
43.48
-1.8
64.82
-77.87
-47.56
-75.45
9.64
-51.60
37.44
-65.5
-2.88
15.69
-28.37
86.10
-31.46
-74.9
81.10
-88.3
53.2
-32.48
39.1
-26.87
43.29
25.47
88.3
36.82
-88.18
58.24
-99.3
-75.30
41.45
-24.60
-53.60
97.11
90.7
31.92
98.6
24.69
-28.76
73.4
-80.53
-78.17
94.92
75.90
91.79
90.63
55.46
-69.68
-3.93
-32.2
30.68
-27.50
89.86
48.70
53.57
75.69
72.19
74.21
-58.70
-82.3
-17.92
-95.43
95.10
93.53
-64.65
65.99
9.2
61.27
-52.82
-63.23
8.73
32.16
36.20
88.64
-88.92
79.99
0.66
29.99
-79.8
-42.75
55.93
36.9
18.3
-22.95
-20.0
95.44
26.67
-45.55
88.73
81.92
-55.43
51.85
-80.53
22.7
-41.56
65.29
7.24
64.61
-65.45
42.30
46.3
57.73
-29.27
95.3
54.52
79.14
40.18
-52.7
-93.30
-21.31
-96.14
-41.48
5.30
36.3
91.48
-28.44
-9.51
75.98
-33.22
96.39
-55.63
41.54
68.58
-93.11
75.8
-94.54
-89.23
1.36
50.48
-30.71
86.38
-83.85
18.1
-97.98
9.27
34.21
-61.6
37.23
-32.46
91.14
-79.19
-77.82
22.66
-20.29
89.41
-12.84
3.93
41.40
-90.0
36.2
-29.34
13.71
-23.7
57.19
-52.82
62.68
-96.96
82.69
-69.40
94.3
63.1
-54.52
-20.96
-80.94
7.28
73.62
-18.76
-66.82
-28.24
4.60
84.70
16.32
55.62
-57.28
5.47
-31.1
61.81
7.1
28.12
-33.75
22.58
-63.46
47.0
-65.50
-1.72
-89.15
-76.67
-30.32
-31.5
-14.87
89.45
43.41
-53.28
60.80
29.16
-10.11
39.21
77.78
41.30
-40.43
-83.64
-75.76
83.68
-58.62
14.74
16.97
86.26
-22.5
-43.18
-89.21
-74.28
39.29
-93.49
40.1
95.66
-16.60
-64.39
-94.87
44.17
-7.23
-73.44
-47.92
-31.32
50.14
96.55
85.43
-57.12
-35.35
47.63
-84.77
32.25
-5.11
48.33
44.43
-45.35
-24.82
8.51
27.30
-11.17
-41.60
-68.72
22.56
-33.13
52.95
53.18
97.56
-81.62
-6.2
6.74
37.30
38.85
-9.81
-68.32
5.52
49.45
19.34
8.96
85.18
-55.18
-17.86
73.90
98.39
-88.50
7.46
-63.55
-95.14
-16.47
-66.27
-56.10
-46.54
-62.90
-42.70
28.16
-47.42
-90.60
80.16
39.56
-40.82
26.35
75.91
-70.27
-12.20
-49.74
-67.63
54.9
77.83
-93.6
-63.98
78.47
27.60
-48.50
75.32
44.18
33.60
-60.44
71.20
57.39
-53.23
-36.65
-73.74
36.45
80.77
70.60
-72.55
-7.1
30.91
29.8
-81.52
-45.43
-13.34
9.46
67.59
-68.97
-41.21
-77.0
77.76
41.63
-2.22
16.61
-86.49
1.18
-13.77
-32.2
-14.94
1.52
17.21
60.27
-35.30
-26.75
-86.60
-11.67
-37.56
-16.38
-15.59
5.96
-84.87
76.99
61.72
79.45
54.47
-21.35
36.19
-24.10
81.26
-64.69
37.10
-5.35
-15.8
-43.3
-95.84
-42.65
-47.51
-25.39
-74.25
-79.92
-58.71
68.7
66.84
-71.3
-42.79
-38.37
55.25
43.15
-42.90
9.52
-54.45
70.12
70.55
19.62
-29.32
-67.79
74.62
0.44
64.90
-64.23
-49.56
-39.5
25.81
-93.64
-79.99
-39.47
21.5
6.62
-58.84
96.21
-86.13
19.51
91.51
86.19
83.32
97.29
31.27
-3.53
-91.72
19.84
-76.3
10.4
-49.90
97.46
44.26
70.95
-18.72
-47.66
63.40
1.31
-82.21
-20.29
-1.66
-75.91
6.80
98.90
44.6
-83.38
82.70
-57.77
84.9
-40.60
-77.64
-24.95
66.67
-13.40
72.58
17.7
60.50
-53.93
-80.39
-90.71
-28.80
3.89
77.6
17.45
-13.24
-27.84
5.70
1.15
8.41
66.3
-34.31
-85.60
47.91
52.58
-17.35
-92.65
19.0
-25.29
-84.78
48.53
88.4
71.0
18.18
13.88
6.74
8.71
-59.11
47.27
10.73
-15.83
33.77
2.19
-86.15
95.54
-96.85
47.46
-54.17
-20.0
63.28
48.81
2.77
-29.88
62.60
50.61
19.79
65.91
43.56
-22.25
7.5
-3.25
54.81
93.14
-60.35
14.38
-34.67
36.79
-55.4
77.63
95.56
36.93
-36.35
-22.98
90.22
88.88
63.58
87.98
-85.36
-76.96
69.62
35.96
72.61
-38.5
21.73
13.63
-51.64
-21.63
-54.31
-17.53
-20.73
48.23
73.61
-56.51
-70.79
-46.4
-49.46
91.85
42.84
72.99
22.77
35.84
41.4
-69.91
94.64
-98.62
32.62
55.90
34.8
-98.66
88.86
70.30
10.62
-16.9
51.1
100.9
-36.8
-33.87
95.80
7.78
-53.30
-71.95
90.29
-39.93
-28.57
74.78
77.56
18.79
-88.31
99.69
8.60
28.64
74.61
10.54
-21.20
-7.63
70.32
27.16
-95.66
95.17
-67.77
-65.24
-93.43
20.67
-82.37
-28.92
-80.65
-73.67
11.6
-77.36
58.31
-60.35
50.76
-76.84
-38.53
56.58
-28.0
-55.63
-88.49
-42.84
-71.4
-71.3
-68.35
-77.70
40.77
38.6
22.82
-26.60
78.68
-77.19
59.21
99.18
-26.98
-94.19
-49.67
-9.4
41.92
52.84
94.15
17.2
52.47
59.70
84.89
82.48
-25.85
90.1
99.55
-31.83
35.10
17.76
-16.41
-49.10
-3.28
-10.81
-16.34
72.2
-46.92
57.59
-30.56
-77.55
-20.43
65.43
-79.95
57.16
73.18
20.47
-98.67
-80.95
-71.14
-39.70
93.37
27.22
72.24
64.33
-69.7
27.47
-48.57
50.80
84.33
43.89
19.64
45.7
-87.64
74.65
17.16
-34.49
37.95
90.91
-51.58
94.81
-65.53
-6.2
-42.17
17.80
51.45
62.23
36.1
-17.56
-64.70
36.38
35.6
-48.20
-62.63
-73.16
-45.48
-82.18
62.59
90.43
99.9
-83.36
13.62
-80.13
93.48
96.95
28.7
-98.10
-9.94
56.71
48.12
88.17
71.12
86.56
-83.73
44.7
88.30
60.38
78.69
100.68
-21.63
9.79
-55.84
56.52
-99.91
-30.88
-56.71
-19.91
97.43
-91.68
26.99
62.69
47.8
-73.69
81.71
-61.6
-93.36
-76.28
-34.33
-79.84
12.44
-40.21
98.56
87.12
55.37
69.21
29.93
17.89
-65.43
-38.42
-41.89
57.61
-85.0
4.27
-100.69
15.2
-17.38
61.45
-73.99
-46.3
-19.89
19.43
81.98
51.67
-82.70
-12.95
-22.70
-63.73
39.19
-11.15
62.30
-92.15
89.61
77.65
-49.20
1.25
-64.68
-24.59
71.12
-28.20
-16.63
-5.99
-72.77
-67.28
-49.29
-22.64
86.2
43.74
30.69
-27.12
10.58
-90.92
-10.79
-71.20
-16.81
63.3
-62.96
-67.15
-96.57
61.28
-59.2
51.75
-69.62
-70.43
-81.89
91.46
72.74
43.55
48.60
40.38
-52.42
62.89
7.82
-72.33
-72.15
12.17
-92.13
41.7
81.6
-42.66
87.87
-51.23
13.16
15.82
20.56
30.57
-6.51
-9.57
31.1
72.76
-53.75
-56.13
-24.8
-35.48
-80.49
-24.96
97.61
15.60
33.80
-74.50
35.78
-8.78
69.47
-64.67
79.40
32.53
9.77
89.18
88.33
-2.82
-32.93
100.65
-93.80
-62.68
45.54
-65.14
49.80
-6.32
57.95
53.23
22.53
36.78
100.84
-68.43
5.8
96.90
54.92
-82.47
-80.52
-69.19
96.9
75.75
28.12
74.12
-61.8
-48.42
-32.30
86.50
-91.46
49.77
-89.87
-39.7
-71.87
92.68
-59.52
-17.82
-63.39
39.43
-36.63
19.5
36.88
-65.15
33.0
-60.37
58.97
66.55
-5.61
97.6
63.74
-65.91
1.94
46.84
38.54
-9.44
69.93
8.59
-32.87
-41.50
-46.27
-53.64
79.26
85.89
82.57
-58.45
43.33
54.61
-62.92
37.85
-2.19
-19.78
-38.98
-20.50
84.15
50.96
91.11
9.54
17.9
81.35
5.4
-76.18
-27.31
-92.0
25.31
52.2
-77.85
-98.23
90.41
42.19
55.99
-91.48
15.55
1.87
50.6
89.30
19.6
45.77
89.90
25.11
-52.67
-59.82
53.58
-65.5
-79.28
69.97
58.18
-100.46
-82.0
-36.76
67.96
14.53
-2.63
48.0
-75.80
8.35
4.60
-56.33
-76.28
-81.27
-67.93
-98.12
8.73
58.6
20.90
-88.60
78.84
44.29
37.82
77.65
-51.98
-72.34
-85.1
47.60
10.41
-32.2
34.13
-41.21
-81.84
82.93
-56.69
27.71
3.22
19.60
36.9
21.40
-55.88
-81.39
26.92
21.58
-99.59
58.21
-66.99
21.7
-69.22
-48.15
-57.89
55.5
97.18
50.96
-65.86
-46.91
11.17
-11.30
94.99
-2.87
97.98
37.56
-18.65
44.82
-87.17
-92.86
90.2
-82.87
-83.64
-77.61
83.30
-98.44
-38.7
17.68
100.91
78.35
31.32
27.87
-74.29
-64.87
38.11
52.8
63.95
-100.0
-45.7
91.25
42.29
82.87
-53.60
-59.52
38.11
-64.19
30.47
17.7
-48.77
-3.89
4.73
-29.20
-22.29
59.25
2.17
74.38
-4.2
56.34
13.69
-23.98
-82.69
13.46
-28.89
54.55
52.35
83.20
27.87
-91.42
-46.32
16.69
-8.8
60.27
-43.43
-34.31
-62.82
9.99
-12.43
-82.25
31.52
62.48
43.59
12.68
42.25
-21.7
-63.36
-30.0
-45.57
-97.97
-61.78
-70.81
17.94
-21.89
90.87
22.87
-98.53
43.76
-54.83
-10.90
-98.79
-27.22
85.77
80.50
52.56
-60.31
-6.76
21.21
67.27
-85.55
99.51
77.60
8.95
48.82
26.6
-28.65
-13.92
-64.44
-10.90
74.12
-35.48
-40.89
-21.1
91.77
17.83
-100.18
-97.59
2.0
88.32
12.47
-54.95
94.2
-23.65
-3.3
39.84
59.37
84.35
32.80
-30.93
-48.40
-82.55
96.52
18.37
75.92
-12.42
-63.1
-1.59
55.72
95.82
-57.77
58.71
95.9
-77.67
87.51
71.91
-5.59
-59.87
-81.40
-35.48
-51.15
93.50
80.51
92.6
-68.39
57.47
35.22
85.31
21.37
-75.17
-77.34
-1.40
-30.16
-28.75
74.11
97.23
46.9
89.8
-14.45
-52.48
-45.63
-87.16
0.36
-25.16
50.92
34.9
14.1
85.88
7.50
12.38
-88.67
-29.31
-44.11
-11.48
63.15
-86.0
-70.1
43.68
39.33
-2.77
-53.74
-82.54
98.5
86.51
-16.97
3.14
78.95
-16.12
42.16
-80.25
-28.70
-48.47
45.68
-86.32
11.68
57.71
62.44
-21.18
-13.41
-25.49
-24.54
-26.57
60.56
-72.5
26.48
-56.49
67.94
51.46
33.8
-60.92
60.42
56.95
-99.57
-86.51
-45.53
-56.74
5.48
94.12
34.24
30.24
8.64
13.78
-43.17
8.18
13.94
39.84
-14.2
-72.74
-47.29
-43.90
-55.58
4.81
67.63
49.75
36.50
-76.83
47.74
26.93
-83.49
46.62
65.61
57.0
53.36
28.43
61.9
49.59
-22.23
-11.3
-66.48
30.29
-26.30
83.99
-11.25
-20.62
-97.9
-2.73
42.69
-52.47
13.17
-79.5
44.31
60.2
-71.88
-60.4
-59.14
-35.12
22.73
-32.92
29.50
3.72
-76.30
-69.86
-35.11
-2.55
76.87
-3.31
93.70
-31.82
-44.10
-72.56
-11.29
91.10
24.98
93.22
-64.51
-63.29
77.19
-87.70
22.70
1.74
-90.77
58.98
-43.51
82.17
80.84
42.95
-44.62
-40.68
95.1
-42.81
52.87
-56.59
-96.0
45.33
-32.94
70.37
68.84
-71.50
-32.0
17.73
-13.22
-18.96
78.71
56.46
11.27
-91.32
92.15
-96.75
40.37
34.87
-72.55
50.36
-31.26
56.3
16.36
-88.43
36.81
72.72
-32.15
-37.27
31.95
92.76
-76.81
17.45
-28.43
19.76
4.26
84.10
95.62
-100.41
-38.39
34.34
57.24
55.71
3.39
8.13
67.37
83.49
2.67
6.52
65.37
-47.83
53.2
46.56
2.96
-52.19
41.86
-47.12
-62.31
92.45
-68.93
7.90
-96.61
69.59
-60.45
97.70
-55.55
3.30
-93.44
-63.55
-96.45
88.62
44.80
-30.87
51.91
-40.14
77.80
-82.3
8.24
61.46
-79.81
46.57
-87.42
-48.71
-28.39
58.73
-99.68
52.98
-52.18
96.33
30.70
62.1
-79.36
15.76
99.93
91.89
95.5
-61.58
-63.21
21.31
18.99
39.66
-54.69
-32.23
84.94
59.68
-28.82
12.36
-88.90
86.93
-25.77
-1.73
-17.41
-41.5
52.92
26.41
-21.4
28.8
74.1
-5.73
-37.30
-74.0
45.19
47.49
82.33
29.85
95.99
57.14
82.75
20.50
-40.36
20.99
-41.59
93.26
-23.23
-90.15
57.41
56.27
96.80
20.5
13.18
75.42
-14.59
-58.36
44.85
-49.65
43.44
59.7
48.63
24.99
27.43
-90.91
8.40
-61.28
29.45
8.75
75.23
-31.2
57.37
-41.31
-100.83
-95.37
-66.84
31.2
77.8
-88.96
53.46
-6.79
33.30
-7.70
22.6
-97.33
-9.26
-27.26
-23.22
40.91
49.67
-49.47
-47.37
31.60
67.87
-8.69
-42.59
11.56
-97.79
-63.74
-80.68
12.21
61.63
72.94
78.17
-93.83
50.39
71.59
71.61
-10.93
0.83
-4.25
-81.90
-7.5
-18.16
21.48
40.10
67.53
-47.64
-38.5
-30.66
-60.40
38.90
-32.89
-55.63
40.13
23.40
-9.90
-25.91
23.48
-24.64
2.19
-38.24
11.43
-98.23
71.45
-75.30
100.66
-81.9
74.72
89.52
-63.71
59.67
-46.42
32.95
-19.71
-27.7
-23.33
-62.83
18.11
-91.27
-75.20
91.76
-6.37
-38.75
-73.2
90.26
65.56
-3.31
-22.82
74.73
-24.67
36.93
-63.24
86.66
74.47
-44.93
-12.23
82.20
34.28
14.68
-12.85
0.20
15.92
93.28
84.94
-58.82
-69.0
-13.95
8.77
6.69
-18.73
-31.64
38.98
-24.19
56.53
74.24
40.54
-51.18
-4.3
-26.50
11.18
-38.16
-10.66
15.84
31.32
-56.97
-37.55
73.12
-37.12
-74.44
-93.30
-78.12
-19.89
-76.81
49.89
34.18
4.78
-94.53
-82.69
83.89
-41.17
31.97
64.55
-57.38
-23.15
-52.43
65.76
-91.59
32.94
-14.12
22.13
36.43
41.53
38.49
96.76
-72.68
76.8
66.33
-59.74
25.36
19.13
-70.44
21.51
-52.21
-77.56
70.32
-16.81
-89.38
13.40
75.34
-79.32
42.11
-32.4
-88.77
77.83
-62.96
-66.31
29.84
86.10
-77.83
-84.52
-28.99
30.63
-31.38
-73.59
8.86
8.81
100.30
-37.26
98.14
-37.60
68.70
94.45
78.14
-25.19
82.56
-19.11
-41.55
58.4
71.75
-84.46
99.93
8.3
-68.3
88.10
30.71
-71.11
-39.37
-12.87
-42.27
51.76
54.48
16.47
-32.51
1.79
52.41
20.25
79.89
-38.14
-48.68
94.16
-24.57
99.85
-48.37
14.40
40.62
70.82
22.96
24.60
0.16
7.74
-66.61
21.39
-65.52
-46.69
-70.57
51.88
81.55
37.66
-75.6
-87.10
-46.3
24.77
-48.27
-59.8
-63.25
29.39
78.82
-16.21
-57.6
79.58
5.64
-43.89
-54.97
-92.6
-58.9
-85.51
1.78
-94.69
-32.1
19.61
-83.62
60.63
39.48
-69.19
33.17
42.7
95.79
-93.73
56.91
-87.96
39.69
-7.76
-52.96
-55.69
-32.39
21.84
-49.28
-100.38
-75.68
-29.37
14.31
-19.13
81.85
-57.74
-53.22
54.30
2.74
24.45
34.40
-20.91
14.20
37.89
-83.94
-35.56
23.73
-45.31
-50.7
41.75
12.95
2.84
42.89
-33.2
8.73
8.77
-29.74
68.21
-56.20
67.44
-33.48
99.17
-18.27
38.44
-17.46
-9.63
-97.48
-47.81
15.0
95.45
-15.73
69.6
-79.7
94.12
-46.44
43.1
-81.90
-43.20
17.19
99.6
-69.95
19.47
-60.12
-27.28
29.44
-91.63
42.14
47.90
-59.22
-53.87
24.90
1.67
61.29
14.38
-72.35
-63.99
62.78
-63.73
88.83
-29.72
95.52
97.91
50.60
87.2
-60.19
-55.8
89.20
-97.35
-60.84
-32.75
59.22
67.24
-67.67
-38.51
61.54
-36.86
-96.0
-38.43
53.40
80.6
99.39
23.5
59.22
35.53
-15.92
-70.11
-55.85
-73.5
-46.43
-58.61
-40.76
95.26
21.77
24.93
56.41
7.17
66.37
-67.12
16.79
-9.85
90.91
39.90
76.98
67.81
12.97
-58.57
43.30
20.0
70.17
26.90
44.16
-11.69
-41.9
50.31
-1.35
97.51
17.75
40.95
-78.88
-36.49
55.1
34.93
-58.59
-79.3
-61.31
-72.86
-38.40
58.52
-28.67
-40.34
25.62
-22.90
-10.44
-95.15
-92.84
6.26
-87.4
-71.95
56.31
85.85
6.40
-87.37
-69.21
-39.39
-43.32
76.99
81.97
-7.60
-92.73
25.71
42.36
-99.42
74.33
-62.21
-45.46
-62.48
89.14
-21.30
33.27
-28.58
46.71
25.4
-85.35
24.7
-50.22
3.20
86.31
83.85
93.60
1.35
-30.97
7.13
-97.64
-54.62
-80.87
74.57
22.93
53.99
58.64
57.28
-60.23
72.61
-17.74
97.33
6.2
70.7
19.71
-60.56
10.47
44.98
21.92
-23.35
-42.89
26.2
-13.73
2.43
-13.56
74.25
44.39
11.77
-94.54
-72.40
-39.52
-85.5
55.65
-74.68
-80.95
-91.50
-18.59
27.34
-28.73
94.55
66.14
75.79
-61.25
7.64
-39.88
-35.73
51.16
22.39
-63.64
76.76
-14.74
13.4
87.47
-40.54
34.40
80.89
16.65
-47.96
-80.28
-10.27
6.89
-8.15
99.4
70.27
45.72
-26.64
-58.7
-53.26
-44.46
-49.24
-27.43
27.90
-44.55
13.84
-11.69
-16.22
-57.20
38.14
82.16
-21.89
23.88
-64.6
88.30
-100.96
-86.55
-67.42
-51.80
-78.20
58.10
-23.87
-59.99
-68.52
-59.21
-41.54
-44.46
-1.1
-23.28
93.83
93.5
-33.45
-21.54
73.41
-97.78
74.95
-26.1
-23.53
-81.30
92.79
48.44
24.50
32.52
98.55
95.84
-4.11
-12.62
-26.63
15.36
-55.61
-62.90
-94.57
17.9
-23.65
45.3
39.13
-31.54
-83.96
0.85
-39.98
26.61
3.74
-22.20
54.52
-25.36
-57.74
-84.98
-44.24
-15.60
-43.12
6.52
77.23
80.90
-62.14
-87.58
-18.96
99.5
-90.64
44.96
66.5
70.34
88.24
91.13
92.10
-80.93
-100.18
68.76
21.93
37.9
25.1
6.77
88.35
95.47
-88.68
-83.33
-19.2
-22.23
14.90
54.8
91.41
-48.89
33.7
45.96
2.27
-52.5
-85.20
59.81
-87.56
74.56
44.19
-89.3
100.74
48.74
-33.25
0.13
50.2
73.42
-20.79
-63.34
74.53
2.25
-34.9
41.31
25.51
-34.50
-64.46
-97.6
38.7
-94.67
28.13
66.26
-10.60
-53.27
-2.97
-90.37
14.14
49.18
-34.70
81.89
96.31
-38.88
58.18
-49.71
-82.39
37.30
82.78
-30.35
51.73
97.24
-45.66
95.14
-86.7
14.54
-85.81
83.6
-82.30
-70.79
83.38
63.21
-1.27
0.68
42.12
-2.91
82.47
-73.30
-62.26
-10.35
-18.52
84.76
27.16
-92.30
15.66
7.38
-89.49
21.41
46.15
10.96
30.78
-4.74
58.47
-95.84
55.17
68.67
-56.53
-74.4
-54.56
-1.74
11.76
-19.29
63.94
-11.10
-51.3
-27.11
-2.41
-10.56
78.53
-32.6
39.87
-31.35
51.66
62.7
-81.20
-44.73
66.88
-61.56
73.86
87.68
-87.38
49.16
-90.37
-33.74
-51.33
-89.57
26.84
99.61
70.2
92.28
32.94
-39.27
49.9
11.76
94.9
5.51
68.94
65.95
-48.38
94.22
-1.74
23.12
-16.91
28.28
81.26
84.91
-33.68
-49.97
-55.41
4.48
100.51
0.56
57.25
-77.44
-75.52
93.63
84.86
35.55
100.33
-86.80
96.54
-35.96
47.35
38.74
69.66
1.49
86.67
-92.42
38.44
-7.4
53.58
58.14
-35.27
-37.86
-31.66
58.90
32.22
-53.24
-7.59
-91.38
42.89
-55.97
59.51
-74.29
97.11
-86.58
-25.2
56.89
-67.14
87.78
17.18
-54.93
-71.54
99.66
-35.72
11.69
16.66
48.58
47.65
16.66
35.77
-7.38
-49.70
-75.99
-10.11
-44.87
77.52
36.49
-51.25
-40.55
-77.77
-43.76
52.41
-6.40
-95.74
-87.60
-28.80
6.17
55.83
62.13
63.73
-14.43
13.6
-63.50
-29.65
-54.6
65.80
-57.58
-62.45
-59.97
99.82
-73.83
-52.6
-6.82
-10.97
45.98
-6.42
63.88
96.14
45.81
-2.56
-72.11
-13.55
-86.80
-30.60
-99.63
-91.28
-68.35
-90.32
70.29
71.39
5.46
-50.40
-55.77
20.85
-86.90
-61.35
56.6
-84.83
6.97
-28.56
-31.46
43.86
-38.77
-53.54
14.3
25.7
58.81
2.16
51.10
-94.27
74.47
32.22
-55.72
-99.44
-97.97
87.90
-96.68
27.34
34.96
46.19
80.55
15.67
79.84
-47.70
75.32
84.88
15.26
28.60
82.36
-3.89
73.92
-31.69
-73.63
0.89
-74.77
-80.97
-11.17
4.56
-81.2
-77.85
-18.30
-98.51
6.22
2.11
18.3
95.8
-55.59
-3.59
-64.42
-81.67
-15.31
6.42
-77.34
-10.46
-16.40
-53.3
-1.72
-66.1
75.96
-55.21
-23.51
82.91
-80.69
65.38
98.94
-27.23
-74.98
53.95
-59.92
-21.80
65.64
-23.14
29.3
-29.62
19.66
-33.59
54.46
88.99
-40.18
-7.12
45.86
-46.15
34.46
-76.84
-26.26
0.72
-82.72
93.31
30.46
14.94
17.50
100.81
-4.24
43.64
12.35
-94.99
75.98
84.69
-31.36
14.57
6.45
98.36
55.88
84.86
47.1
99.57
8.24
90.90
44.67
-90.49
-29.7
67.43
-34.86
-10.50
-52.95
28.81
-92.7
-67.57
-28.62
66.95
-16.17
60.50
94.59
-5.52
92.73
62.64
-82.82
41.38
-49.87
-62.26
-32.7
-7.10
6.43
5.59
-74.44
68.98
9.17
-32.43
-51.87
17.77
-94.13
88.43
98.73
-84.31
-56.80
-10.65
-12.53
52.50
-99.1
2.98
-57.5
34.18
-31.69
-96.74
22.4
41.66
-84.72
5.67
-81.51
-97.57
-82.89
48.7
-69.40
64.62
68.70
55.69
22.18
39.32
-23.22
-28.16
-73.99
-95.7
34.13
40.80
-35.16
-70.37
-84.51
16.63
-93.40
22.26
38.85
-99.5
-67.46
60.72
14.67
88.49
43.55
-61.3
20.8
48.66
-21.65
43.11
57.81
30.10
-30.50
16.73
18.26
99.39
0.49
16.22
-82.40
-2.84
-71.52
14.84
-72.77
94.76
88.20
5.38
-80.4
33.0
-35.29
73.25
89.18
28.8
-71.80
-78.18
17.89
48.43
96.62
-99.60
61.85
68.68
-27.0
-97.68
-37.58
-9.85
89.33
-71.20
-8.96
84.55
-1.21
-81.83
99.11
27.44
35.90
100.64
-4.39
71.32
94.50
-66.31
-98.57
96.85
-81.11
36.83
-60.40
86.55
42.19
76.94
10.5
-78.44
4.64
24.16
-14.92
36.65
72.80
22.16
-70.28
-53.27
-1.38
-22.26
8.79
61.55
66.75
-31.79
76.92
-53.3
32.74
15.20
-60.43
-96.31
-99.57
11.27
-98.12
-25.4
35.22
41.16
-40.80
72.72
54.91
-99.90
99.94
-58.52
-92.74
-79.36
52.0
33.65
-51.45
52.24
-54.56
12.84
-96.27
46.3
2.59
-17.26
-50.94
85.63
-74.21
-49.57
-1.79
-84.7
-37.51
8.5
-66.37
23.19
55.56
-78.67
66.18
-80.93
32.77
86.41
67.40
61.49
98.57
49.20
39.30
92.98
9.97
31.93
-30.88
-73.11
-100.17
-5.57
-79.50
-88.43
-4.36
88.41
98.50
81.62
8.92
-74.14
-72.65
64.61
-33.45
-88.6
-84.11
72.53
5.57
-88.93
70.40
-2.65
-72.23
-75.21
83.99
-76.28
-77.4
82.83
-66.82
-50.68
-93.19
-98.24
10.48
98.81
-18.39
4.57
60.34
63.55
-80.63
-59.51
49.95
75.28
-14.77
54.71
-100.9
6.7
-42.20
42.99
62.73
-53.23
94.36
1.59
13.42
-85.64
-64.62
95.61
-8.75
-43.65
-7.5
-22.93
24.33
-7.57
-91.91
21.50
45.17
-100.55
85.34
55.84
19.64
76.98
3.71
-25.60
61.2
91.93
29.30
23.35
97.38
4.15
31.56
-77.34
98.77
-61.40
-45.28
-53.83
-53.31
-7.79
25.18
-10.55
-12.0
-69.18
24.40
-31.19
48.0
33.97
55.15
66.11
-64.4
-19.0
-9.26
66.50
20.35
30.16
-30.12
-43.92
71.90
44.37
-2.61
18.2
1.60
8.7
-6.49
-25.45
40.86
49.1
-66.17
18.75
33.28
72.73
77.68
-88.49
-28.51
-88.30
